3 0.951002 535.74 501.32 631.21 598.48 6
3 0.945051 602.26 418.67 688.81 508.63 6
3 0.931305 674.82 599.41 767.48 656.85 6
3 0.923003 659.79 364.22 727.99 427.93 6
3 0.916330 191.48 872.86 361.52 1054.65 7
3 0.913304 1564.56 696.30 1670.68 817.98 8
3 0.911212 1764.08 115.28 1849.46 147.32 4
3 0.904209 1420.89 322.13 1511.94 374.69 5
3 0.903160 509.12 602.50 559.55 656.85 6
3 0.902766 1695.06 459.53 1838.11 520.92 2
3 0.900451 1616.88 831.70 1739.20 926.58 8
3 0.897670 1528.42 411.16 1649.98 465.17 5
3 0.895717 1544.91 448.52 1651.00 502.07 5
3 0.888819 1670.99 432.48 1791.42 475.92 2
3 0.887496 1510.26 365.15 1610.49 416.16 5
3 0.886932 327.75 760.25 450.53 878.91 7
3 0.871731 1589.00 387.10 1707.82 440.68 2
3 0.855498 1575.84 387.44 1650.87 436.92 5
3 0.850038 749.09 258.69 806.06 316.28 3
3 0.849028 1010.24 151.08 1051.00 202.99 3
0 0.846189 1689.48 350.61 1711.66 398.16 2
3 0.844145 663.26 598.07 765.94 714.40 0
3 0.842833 1795.37 162.60 1886.36 196.79 4
3 0.836629 1506.64 507.74 1588.65 589.90 5
0 0.833214 656.84 515.75 680.52 567.99 6
3 0.832653 975.92 96.35 1014.69 133.08 3
3 0.832501 782.65 217.06 835.45 267.19 3
3 0.829830 1615.78 832.10 1755.33 1001.01 0
3 0.826534 451.63 601.90 559.07 712.60 0
3 0.826476 809.46 183.29 859.67 230.65 3
3 0.825134 1589.00 412.76 1660.79 462.80 2
3 0.824643 884.27 95.76 924.90 132.04 3
3 0.820172 1364.38 87.48 1396.08 117.63 1
3 0.810379 1589.25 447.42 1680.74 506.32 2
3 0.803400 1797.97 200.97 1899.53 240.04 4
3 0.802271 1721.77 385.91 1863.59 454.70 2
3 0.790669 1423.76 252.02 1481.57 296.50 1
3 0.785893 1808.60 369.67 1890.85 426.67 2
3 0.784862 1404.83 182.30 1447.74 219.61 1
3 0.781592 1410.59 215.49 1460.83 256.29 1
3 0.779555 1871.67 422.96 1890.84 468.43 2
3 0.778542 905.77 70.83 941.71 105.10 3
3 0.778052 1775.80 147.98 1871.97 176.78 4
0 0.765245 1368.78 234.63 1384.09 271.08 1
3 0.764982 1260.64 61.56 1288.48 89.21 1
3 0.757459 1010.02 25.76 1047.18 55.92 3
3 0.748495 910.97 293.11 957.88 319.87 3
3 0.746473 700.16 355.02 752.58 376.13 6
0 0.744109 625.14 519.16 646.59 567.95 6
0 0.743369 1458.60 420.24 1482.41 459.99 5
3 0.740341 863.70 124.69 901.95 165.22 3
3 0.739523 1536.73 625.16 1624.74 684.52 8
3 0.716457 1740.92 70.00 1819.00 105.13 4
0 0.688643 1596.82 502.23 1620.78 554.50 5
3 0.681278 1379.25 123.80 1420.43 155.38 1
3 0.669088 1389.85 146.82 1431.86 185.12 1
3 0.667952 924.93 53.28 955.80 84.81 3
3 0.638084 1589.10 369.57 1610.16 395.95 2
0 0.637062 1267.99 224.65 1281.61 256.46 1
3 0.632180 791.55 576.78 883.47 690.03 0
3 0.628440 1847.33 480.12 1890.77 521.83 2
3 0.620847 1103.65 1004.99 1209.89 1079.00 0
5 0.620285 1415.37 33.07 1457.65 101.89 1
0 0.620074 1615.84 472.09 1635.10 519.36 5
0 0.582605 1523.85 345.49 1536.58 375.99 5
5 0.582447 900.86 291.82 959.11 370.13 0
3 0.577876 839.80 137.80 881.89 190.67 3
0 0.548996 1318.46 62.57 1328.61 87.59 1
0 0.531262 896.25 145.32 909.12 171.08 3
9 0.531179 1547.38 311.12 1587.79 337.53 5
0 0.521833 1440.28 130.54 1450.76 159.23 1
3 0.511403 1557.09 71.22 1631.56 100.03 0
0 0.510181 1348.41 71.55 1358.47 96.88 1
9 0.499411 1632.45 300.31 1677.64 327.44 2
0 0.493185 1350.81 156.56 1363.42 187.62 1
3 0.490507 1695.96 1049.31 1811.94 1079.00 0
3 0.487178 993.36 121.11 1041.43 140.04 3
5 0.483949 1457.92 33.26 1515.08 89.15 1
3 0.481340 1870.16 501.17 1918.96 565.09 0
0 0.464990 1508.13 347.78 1526.75 383.59 5
0 0.464644 1363.26 174.49 1376.76 203.93 1
3 0.462822 1798.14 220.14 1890.79 240.47 2
0 0.457828 1771.49 587.49 1799.93 644.73 0
3 0.457825 1229.00 19.59 1235.45 43.52 1
0 0.434529 1558.22 300.09 1573.26 318.05 5
2 0.432681 1368.57 255.97 1377.49 274.11 1
0 0.430919 1472.14 1007.64 1514.51 1077.52 0
0 0.417654 1333.73 66.64 1342.95 78.33 1
2 0.412571 1271.10 243.27 1279.77 263.84 1
0 0.411082 1714.30 342.21 1724.24 358.58 2
9 0.388922 909.88 18.08 921.43 38.79 3
3 0.388819 1737.54 625.90 1770.82 674.20 8
0 0.388610 1872.68 334.43 1883.98 351.05 2
3 0.385241 1853.16 864.34 1919.00 924.62 0
9 0.378192 1778.01 319.43 1849.52 353.38 2
5 0.371463 600.71 414.04 690.99 510.36 0
0 0.363121 1826.78 301.81 1847.48 319.89 4
3 0.357881 1845.40 464.52 1889.62 492.26 2
0 0.351221 1451.55 130.26 1462.44 159.24 1
0 0.347345 1506.58 268.05 1525.89 307.15 1
3 0.342843 1844.04 468.83 1918.65 533.63 0
0 0.340067 1820.56 312.42 1840.26 342.40 2
3 0.339011 1209.30 14.73 1235.69 43.13 0
5 0.336782 791.93 575.52 882.51 690.97 0
0 0.333247 1539.51 288.15 1552.77 311.35 5
0 0.327398 1629.11 588.39 1653.69 647.11 0
5 0.324067 699.44 313.84 760.80 376.25 0
3 0.320801 794.08 614.46 810.90 656.92 6
5 0.308385 1796.61 220.13 1891.00 240.44 2
0 0.308307 1652.99 292.01 1670.65 324.18 2
3 0.292891 699.69 314.00 760.85 375.93 0
0 0.290883 1506.56 288.04 1519.99 307.99 5
3 0.290054 1869.56 406.82 1918.95 473.83 0
5 0.289816 662.15 361.15 728.40 429.48 0
5 0.283359 897.95 54.47 957.29 114.76 0
5 0.276421 1173.69 188.04 1221.56 249.37 0
0 0.274530 1519.58 288.01 1527.99 302.79 5
0 0.273077 1333.05 75.78 1342.67 96.16 1
9 0.255160 1427.92 288.10 1453.24 307.42 5
2 0.251849 1427.81 282.58 1452.89 307.19 1
2 0.250539 1455.78 447.02 1472.90 472.27 5
