7 0.879675 0.01 443.62 343.86 708.98 1
7 0.827342 208.90 365.18 344.00 448.98 1
7 0.820443 207.42 264.48 788.74 450.34 0
7 0.804033 546.75 273.50 783.41 444.62 3
2 0.795547 130.20 11.73 171.57 40.37 0
7 0.777295 1046.23 26.23 1146.44 100.99 0
2 0.706534 214.35 7.31 249.53 29.53 0
7 0.701019 1249.69 114.28 1359.00 274.80 0
7 0.675074 147.78 438.80 807.99 711.96 0
2 0.655354 179.68 0.38 217.43 14.30 0
2 0.606720 768.56 1.12 793.58 23.44 0
2 0.591128 805.19 3.14 843.65 20.56 0
7 0.586441 880.66 55.05 938.39 98.93 2
2 0.573955 1340.93 78.45 1359.00 104.97 0
2 0.485162 673.68 708.62 814.13 764.00 0
7 0.467520 546.79 437.53 723.51 516.00 3
2 0.435334 912.27 0.00 945.23 15.98 0
2 0.431156 1327.17 72.25 1359.00 96.59 0
2 0.429723 1075.64 17.31 1111.68 28.32 0
7 0.429183 663.08 84.91 784.86 251.51 2
2 0.352117 946.53 2.53 983.25 20.52 0
7 0.341870 502.28 14.50 796.93 128.39 0
7 0.338960 663.49 274.36 824.61 399.58 2
0 0.329467 1238.47 1.30 1246.36 19.13 0
7 0.328119 390.12 130.67 785.42 251.35 0
7 0.320309 455.32 69.38 714.07 136.75 0
7 0.315934 663.18 79.83 706.94 132.96 2
2 0.313704 1218.58 18.68 1257.05 38.54 0
7 0.309810 1226.79 116.23 1283.82 189.07 0
7 0.293773 929.16 55.00 968.88 68.95 2
7 0.287039 731.09 87.04 771.50 138.45 0
7 0.266444 274.19 738.40 621.06 764.00 0
2 0.264740 383.10 157.76 439.34 232.51 0
7 0.259803 718.40 55.00 780.13 71.41 2
7 0.257042 1276.65 27.63 1318.88 65.02 0
