3 0.888543 658.37 351.76 751.29 388.70 1
3 0.846938 686.17 468.13 797.23 516.00 1
3 0.818740 759.47 347.36 800.42 391.55 1
3 0.810676 582.61 332.23 613.00 368.13 1
3 0.737659 0.13 382.53 61.11 450.83 0
3 0.724470 617.49 328.75 656.73 368.87 1
3 0.705598 849.06 345.92 897.28 392.01 0
3 0.675167 546.10 420.67 574.77 450.20 1
3 0.657057 436.35 535.82 573.69 594.11 0
3 0.647795 473.17 419.26 575.78 468.30 0
3 0.612091 546.08 448.14 612.36 485.31 1
3 0.599855 811.72 307.81 877.45 344.71 0
3 0.588812 806.36 348.93 842.95 391.34 0
3 0.588199 890.18 299.20 923.50 339.36 0
3 0.582418 807.51 265.74 813.91 282.21 1
3 0.571800 546.10 472.17 613.26 516.00 1
3 0.570096 30.55 397.72 116.72 456.62 0
3 0.544130 913.90 181.60 947.15 211.06 0
3 0.527588 895.55 347.71 940.74 390.64 0
3 0.519867 0.25 465.32 48.46 513.53 0
5 0.485758 520.94 646.75 657.08 728.91 0
3 0.461205 498.24 501.50 610.87 560.98 0
3 0.446264 997.70 128.48 1032.11 146.92 0
3 0.427159 167.99 393.13 224.67 423.80 0
3 0.426976 809.70 253.32 852.90 285.47 0
3 0.416729 805.59 351.61 813.89 387.43 1
3 0.416328 810.44 314.07 813.91 327.74 1
3 0.385581 522.66 647.68 656.91 729.06 0
3 0.365597 788.37 249.00 813.76 260.93 1
5 0.332288 151.50 137.49 297.68 208.03 0
3 0.326017 494.29 446.99 612.82 526.03 0
5 0.267437 493.89 447.71 613.41 524.30 0
