5 0.755181 530.60 299.27 699.19 369.44 2
5 0.675455 455.98 265.00 687.72 371.99 0
5 0.668812 719.75 55.65 766.42 137.95 0
5 0.613344 530.99 156.00 681.67 237.09 5
5 0.553146 445.54 386.52 636.21 592.69 3
5 0.547539 530.46 352.99 712.27 489.42 2
3 0.540616 679.39 159.13 714.65 217.56 1
5 0.537079 445.69 539.29 638.79 752.64 4
5 0.509820 1336.50 105.72 1359.00 166.99 0
5 0.502588 418.46 200.65 677.67 311.78 0
5 0.468139 918.52 64.41 1039.52 141.34 0
5 0.445835 1072.23 73.18 1204.71 141.89 0
5 0.393035 760.72 59.03 813.13 137.37 0
5 0.388333 642.98 382.54 711.92 493.40 0
5 0.363462 655.13 232.64 709.32 338.60 5
3 0.342222 654.97 232.55 709.27 339.23 5
5 0.337198 138.92 528.65 607.51 736.15 0
3 0.321761 674.40 184.17 712.66 241.51 5
5 0.321016 1261.67 91.38 1319.52 131.50 0
5 0.311620 600.71 76.81 637.17 120.33 1
5 0.307750 674.56 184.14 712.49 241.43 5
5 0.302291 530.29 157.32 710.80 353.31 5
5 0.290889 878.72 58.03 944.81 137.40 0
5 0.258150 834.88 56.78 908.23 138.74 0
