0 0.845552 167.86 470.22 194.60 539.00 0
0 0.842150 219.74 446.30 246.40 508.36 0
0 0.787760 349.06 356.71 371.84 402.17 0
0 0.775301 183.64 443.90 204.23 510.34 0
0 0.756551 357.08 393.81 371.82 431.43 0
0 0.748314 630.62 211.72 642.35 243.01 0
0 0.747864 95.04 480.97 118.40 539.00 0
3 0.702145 562.94 251.00 573.80 266.59 1
3 0.640041 722.19 228.14 753.21 247.25 0
0 0.598466 707.60 192.69 718.68 217.85 0
3 0.548659 520.26 254.64 544.42 275.70 0
0 0.545693 100.38 510.94 125.02 539.00 0
0 0.508401 523.76 242.42 539.82 266.46 1
2 0.444630 744.45 164.86 780.62 196.12 0
0 0.444291 719.44 182.70 729.58 205.60 0
0 0.432990 669.05 203.64 679.56 223.64 0
0 0.418088 564.66 235.40 573.91 260.11 1
7 0.408443 744.15 164.60 783.20 196.83 0
0 0.376150 846.46 119.91 853.29 136.85 0
1 0.368756 191.60 464.27 218.29 513.34 0
0 0.367742 459.92 276.46 475.61 309.05 1
3 0.350644 455.94 282.11 479.69 314.36 1
3 0.346912 665.73 212.07 682.63 229.38 0
0 0.336393 855.27 119.96 862.62 137.51 0
3 0.301834 590.57 229.11 606.52 252.75 0
0 0.291556 596.51 210.88 606.21 232.99 0
0 0.273911 463.40 257.06 477.54 282.52 0
