3 0.940546 1040.12 491.00 1143.49 531.20 7
3 0.856820 1065.77 552.79 1184.89 639.03 0
3 0.854188 772.06 373.66 811.88 425.38 8
3 0.849460 350.76 133.84 412.31 158.04 2
3 0.847352 1007.52 469.55 1144.56 532.44 0
3 0.845837 344.33 150.37 382.60 179.30 2
3 0.842822 358.14 178.33 398.31 211.66 2
3 0.834369 1104.34 599.58 1234.40 697.99 0
3 0.818892 1139.41 671.02 1280.78 764.00 0
3 0.810809 638.43 15.67 659.91 32.20 3
3 0.791431 80.35 420.00 160.42 488.52 0
3 0.791062 275.07 211.18 318.56 226.90 2
3 0.790680 849.73 710.52 1027.41 764.00 0
5 0.785351 893.56 172.75 928.50 210.29 5
3 0.781664 787.82 16.00 815.48 31.66 4
3 0.780356 232.32 210.16 319.22 245.81 0
3 0.777012 208.46 455.01 337.11 516.27 0
3 0.774955 874.09 271.64 895.27 304.92 5
3 0.774149 738.19 361.00 776.98 376.66 8
3 0.772976 773.66 576.59 842.26 689.98 0
3 0.769155 497.38 105.51 552.19 129.43 3
3 0.763403 380.33 373.22 440.87 445.70 0
0 0.761239 808.27 96.37 816.47 118.58 4
3 0.756358 679.59 53.52 705.12 72.54 1
3 0.751654 424.09 12.00 445.25 20.50 2
3 0.738515 40.36 353.72 127.17 423.23 0
5 0.730281 343.25 96.03 369.22 120.26 2
0 0.730112 984.30 441.59 998.97 473.26 6
5 0.687402 217.90 259.57 331.91 378.34 0
3 0.687260 109.17 279.62 185.59 327.29 0
5 0.670296 692.43 64.42 710.95 87.41 1
3 0.666909 548.26 27.44 566.81 47.07 3
3 0.665080 599.27 1.53 616.10 18.87 3
3 0.660714 686.63 197.93 718.22 235.68 0
3 0.634070 521.14 78.39 551.05 108.33 3
3 0.611091 0.12 437.45 48.04 511.47 0
3 0.610159 418.44 284.07 471.26 349.43 0
3 0.594113 625.05 95.96 648.35 123.51 3
3 0.587888 373.16 98.82 400.07 121.69 2
3 0.582395 685.08 103.09 709.70 127.14 1
3 0.580270 493.15 259.85 534.13 318.35 0
3 0.567945 737.75 328.56 781.53 378.37 0
5 0.557019 874.11 134.01 910.46 191.42 5
0 0.556308 663.62 51.04 670.52 71.49 1
3 0.548642 846.29 268.30 895.09 311.64 0
3 0.527908 415.24 99.09 444.44 125.04 2
5 0.523271 697.51 87.62 718.62 110.09 1
3 0.520884 727.79 289.37 768.19 334.46 0
0 0.519814 953.34 180.30 962.24 200.29 5
3 0.504846 771.18 440.17 811.88 466.30 8
5 0.494999 371.89 47.25 405.28 69.24 2
3 0.493661 739.40 486.24 814.14 573.19 0
3 0.492326 570.71 0.06 587.32 14.91 3
0 0.485847 924.08 347.00 934.02 355.93 6
5 0.471520 535.33 46.73 561.27 78.05 3
3 0.457066 554.91 7.97 576.01 22.73 3
0 0.454796 409.17 101.17 415.81 120.46 2
0 0.446712 390.62 148.33 401.18 170.50 2
3 0.426769 234.73 423.19 333.38 466.77 0
5 0.418372 670.31 75.22 689.41 97.05 1
0 0.407755 320.51 71.03 325.94 88.58 2
3 0.404833 669.27 43.75 688.05 61.46 1
0 0.392308 922.21 328.29 936.08 358.46 0
3 0.392254 485.12 168.01 515.53 201.74 0
3 0.381562 782.34 13.35 792.61 23.79 4
5 0.375915 669.07 43.94 688.09 61.53 1
3 0.374307 371.82 47.35 405.24 69.32 2
3 0.367590 343.14 96.20 369.29 120.32 2
3 0.360675 687.68 22.14 717.38 39.43 1
3 0.351566 392.85 35.53 413.42 58.39 2
0 0.350269 798.06 96.91 804.83 113.70 1
5 0.348990 392.68 35.41 413.48 58.39 2
3 0.347287 701.07 158.91 729.63 191.16 0
0 0.325298 326.31 72.00 331.53 88.90 2
3 0.323501 552.36 14.27 571.36 32.30 3
3 0.323053 535.74 45.70 561.86 77.71 3
3 0.315644 785.17 438.69 914.87 499.63 6
3 0.284028 858.30 128.59 876.55 145.27 4
3 0.282207 785.21 373.65 872.15 424.87 6
9 0.280233 839.86 85.44 853.19 96.00 4
3 0.279294 742.01 20.60 765.26 33.42 1
3 0.278643 738.15 238.48 784.59 277.12 0
3 0.274727 897.18 407.53 951.97 445.29 6
3 0.274665 670.70 16.48 695.89 35.13 1
3 0.271279 756.00 16.22 765.78 33.26 4
5 0.267887 785.73 427.48 831.68 446.63 6
3 0.266384 766.46 431.80 854.22 494.14 0
3 0.265716 549.46 44.43 563.79 60.41 3
3 0.263659 869.54 136.26 897.77 163.12 4
3 0.259682 1134.63 615.16 1265.68 718.61 0
5 0.254859 769.07 426.11 811.88 489.56 8
