3 0.895582 529.12 579.47 662.79 650.45 0
0 0.838265 1187.31 536.99 1212.42 575.40 3
3 0.813928 481.53 403.01 592.06 450.66 0
3 0.770609 281.59 664.22 429.51 704.23 7
3 0.770341 956.67 100.24 997.21 116.00 6
3 0.768431 256.35 527.04 382.97 594.81 0
3 0.725148 959.63 127.67 996.74 145.76 6
3 0.706491 747.22 383.13 802.40 431.64 0
3 0.697373 283.84 617.14 438.27 680.36 0
3 0.694190 700.73 379.13 753.03 436.14 0
3 0.685840 701.55 59.25 718.49 74.22 4
3 0.684539 651.52 390.64 697.39 440.01 0
3 0.680988 603.83 387.14 646.67 445.23 0
3 0.677257 682.67 48.36 699.46 61.89 4
3 0.664688 652.93 332.07 728.73 376.16 0
5 0.661353 687.75 22.81 702.09 36.32 4
3 0.642066 210.05 721.09 385.00 764.00 0
5 0.641633 0.16 133.79 32.69 184.81 5
5 0.640760 937.10 152.69 960.27 177.14 6
3 0.634543 1091.60 263.76 1143.33 297.18 0
3 0.612723 988.51 180.51 1022.39 205.05 0
3 0.607457 714.83 76.02 734.83 92.11 4
3 0.592072 386.11 383.57 425.53 426.88 0
3 0.585576 295.99 568.11 434.52 624.57 7
3 0.574928 739.13 68.17 760.73 91.46 4
3 0.546855 676.94 37.48 689.09 49.81 4
9 0.544318 1176.40 547.42 1216.10 588.17 3
5 0.531846 713.82 45.49 731.63 63.32 4
5 0.526647 988.13 181.61 1022.10 204.44 6
5 0.513889 736.22 315.30 773.97 363.60 0
3 0.512687 704.96 69.27 723.24 83.06 4
5 0.510114 870.07 79.44 881.07 93.42 6
3 0.506523 642.93 257.91 689.03 295.42 0
5 0.503213 153.17 248.56 293.07 293.27 2
8 0.498847 642.04 105.44 691.31 127.21 4
3 0.498289 936.98 157.32 959.01 177.48 0
3 0.490142 732.70 63.01 747.24 80.27 4
5 0.488347 32.08 132.17 149.60 236.11 5
3 0.485111 430.68 374.98 476.91 424.72 0
3 0.434143 631.95 10.86 643.32 21.27 4
0 0.422536 897.69 91.18 903.66 105.64 6
3 0.419280 290.71 567.57 438.54 700.72 7
5 0.404961 248.91 248.06 293.61 282.83 1
3 0.378666 981.59 93.07 1016.26 111.35 6
5 0.370367 665.60 29.16 679.32 40.64 4
5 0.365150 1136.27 114.88 1241.52 161.55 0
9 0.362834 769.54 84.68 776.44 103.15 4
3 0.359924 774.13 73.04 795.18 92.11 4
8 0.353410 1132.00 114.72 1241.84 161.32 0
3 0.348240 616.51 239.37 689.85 268.21 0
5 0.331962 642.01 105.48 690.79 127.16 4
5 0.331212 870.00 69.36 873.48 78.73 6
3 0.315268 665.62 29.25 679.45 40.81 4
0 0.312509 98.26 555.68 116.48 580.82 0
0 0.286637 667.70 61.33 673.86 74.08 4
5 0.283414 774.18 72.98 795.09 92.05 4
5 0.281932 1094.71 119.29 1128.32 153.07 8
5 0.281672 657.54 7.49 674.45 28.50 4
3 0.278221 735.51 314.19 774.42 364.01 0
8 0.274290 1240.33 173.39 1254.88 226.77 8
9 0.257888 1070.20 59.39 1076.26 75.79 6
