3 0.914516 0.18 247.01 43.67 275.69 7
3 0.896634 104.65 253.99 149.94 278.32 7
3 0.852355 446.57 628.78 570.63 752.67 0
3 0.841470 425.29 289.13 477.98 321.78 3
0 0.820058 710.59 384.19 722.40 422.53 2
3 0.818806 885.80 223.89 931.49 244.13 4
3 0.815860 982.00 236.65 1044.41 258.94 6
3 0.815032 991.60 270.71 1057.11 296.30 6
3 0.792677 620.14 225.90 649.33 252.99 1
3 0.772762 482.40 183.83 512.97 201.88 1
3 0.767011 376.28 255.75 424.38 284.27 3
5 0.761193 361.69 214.60 416.43 239.88 3
0 0.750737 725.59 373.75 739.27 413.27 2
3 0.745962 518.44 169.73 538.81 185.07 1
3 0.740993 572.36 229.43 600.78 254.14 1
3 0.724529 582.49 336.61 627.46 377.51 0
3 0.721027 521.82 304.88 561.70 342.85 1
3 0.702672 581.81 336.33 624.15 350.95 1
3 0.702257 219.43 229.78 283.90 249.13 5
0 0.695883 744.57 370.42 753.56 405.82 2
5 0.686311 137.62 210.85 181.73 232.86 5
5 0.659131 275.04 203.96 310.93 227.39 3
3 0.643187 789.75 263.90 832.05 295.54 4
3 0.623759 982.69 236.85 999.89 257.77 4
3 0.616222 304.51 180.13 319.89 197.93 5
0 0.604855 760.56 377.81 769.92 412.83 2
3 0.590050 676.77 299.01 709.27 311.27 2
3 0.589723 207.27 208.61 234.23 229.98 5
3 0.580068 878.83 219.04 910.25 236.67 4
0 0.576795 751.02 377.79 763.60 414.92 2
0 0.574839 850.63 221.27 857.13 240.44 4
9 0.567396 385.57 352.53 408.10 399.30 0
5 0.552419 530.66 159.76 548.41 177.18 1
3 0.540183 648.19 151.71 664.92 167.42 1
3 0.536413 479.27 178.18 518.07 192.44 1
3 0.534736 318.73 210.61 338.31 223.85 3
3 0.532378 991.66 277.82 999.94 292.36 4
3 0.526729 675.57 268.26 710.94 310.85 0
3 0.524195 105.11 241.64 143.70 259.60 5
5 0.508388 276.51 261.41 317.98 279.85 5
3 0.505892 856.33 213.21 884.01 232.53 4
3 0.500678 275.02 231.68 283.55 246.62 3
0 0.495176 925.40 445.05 937.12 468.06 8
0 0.492575 460.11 197.67 466.76 214.19 3
3 0.489136 937.48 228.69 961.68 250.68 4
5 0.474147 401.07 181.05 447.34 200.62 3
5 0.473469 840.62 200.30 862.21 221.12 4
5 0.461341 22.55 211.60 81.51 231.40 7
5 0.456949 304.79 180.18 333.46 198.09 3
5 0.451469 684.23 160.30 693.00 173.94 1
5 0.451282 675.00 260.09 693.00 311.27 1
3 0.441543 615.07 339.22 627.11 378.00 2
9 0.439775 233.69 255.12 240.28 273.07 5
0 0.432568 618.72 305.10 635.61 335.59 0
0 0.430760 177.09 201.67 184.33 216.86 5
3 0.429855 717.39 252.08 776.40 283.10 0
5 0.415138 937.46 228.64 961.60 250.84 4
9 0.399128 216.22 346.89 237.23 393.94 0
3 0.397575 482.46 189.27 489.92 201.56 3
3 0.378452 600.99 168.47 620.28 184.51 1
0 0.375232 142.10 291.77 151.93 318.61 5
5 0.370141 286.24 339.87 349.24 392.40 0
9 0.368611 456.98 205.07 471.65 215.92 3
3 0.343211 349.73 201.28 402.19 219.18 3
5 0.334192 318.07 192.93 358.21 212.95 3
3 0.332515 23.03 211.57 81.44 231.56 7
5 0.316882 357.19 185.62 388.35 200.20 3
3 0.313970 78.74 241.53 143.52 266.70 7
3 0.311419 840.84 200.42 861.71 220.41 4
3 0.311018 357.08 185.71 388.33 200.12 3
3 0.303024 600.27 198.26 608.35 209.54 1
5 0.295808 1051.99 233.54 1118.73 259.56 6
3 0.286289 646.81 495.79 742.46 513.88 2
0 0.282908 143.77 291.87 151.80 306.60 5
3 0.263620 0.19 226.00 16.68 239.41 7
0 0.261566 919.35 432.28 940.90 465.68 8
3 0.259681 763.08 176.93 785.21 201.94 0
3 0.258086 272.48 257.42 323.24 280.02 0
5 0.257200 135.74 210.98 150.00 231.37 7
3 0.253557 516.63 163.06 546.01 185.20 0
