2 0.909275 1305.47 932.93 1493.16 1062.34 0
2 0.902899 843.65 920.78 957.42 1075.87 0
2 0.887476 1281.25 790.55 1369.23 888.76 1
2 0.881833 1278.29 848.08 1439.95 960.73 0
2 0.876354 1185.35 720.39 1337.28 813.95 0
2 0.874890 490.43 830.20 607.01 984.34 0
2 0.869372 1281.01 723.38 1337.18 794.43 1
2 0.863396 489.48 544.95 563.79 621.63 0
2 0.855483 955.63 677.31 1035.06 765.75 0
2 0.842505 845.82 761.32 949.66 881.36 0
2 0.841869 1168.92 553.60 1295.06 608.08 0
2 0.824063 1142.02 629.88 1267.40 705.53 0
2 0.819261 1052.71 572.27 1148.49 635.07 1
2 0.817781 906.22 508.87 967.11 564.77 1
2 0.814462 835.55 673.38 901.40 763.05 0
2 0.809724 1283.81 848.58 1440.79 898.60 1
2 0.801482 829.93 582.55 891.27 649.43 0
2 0.793388 1172.10 676.70 1301.10 750.15 0
2 0.791631 1100.18 598.68 1209.92 664.01 0
2 0.788654 601.86 636.61 667.89 731.58 0
0 0.766697 1185.63 849.89 1221.28 934.39 0
2 0.763186 650.06 472.73 706.33 536.78 0
0 0.757351 84.26 872.83 114.41 949.48 0
2 0.753347 453.10 1032.15 558.32 1079.00 0
0 0.751799 1529.09 837.12 1555.24 898.66 1
2 0.742479 1448.24 1035.33 1581.14 1079.00 0
2 0.706964 1281.11 686.23 1301.65 724.60 1
0 0.702896 181.26 763.96 207.98 836.80 0
2 0.701587 201.98 621.19 308.06 704.65 0
2 0.691248 1101.00 597.88 1148.81 659.47 1
2 0.688689 316.62 504.37 398.47 573.10 0
2 0.685223 265.07 552.92 345.91 632.07 0
0 0.683185 1335.18 586.47 1357.71 638.43 0
0 0.680595 295.00 663.92 316.87 724.59 0
0 0.665529 510.00 437.73 528.50 479.26 0
2 0.660098 823.50 454.18 868.54 500.59 0
2 0.658494 133.45 700.30 251.74 802.98 0
2 0.647423 368.34 461.49 424.60 518.74 0
2 0.637974 1045.99 1046.48 1154.18 1079.00 0
2 0.635973 889.02 318.88 923.80 354.67 1
2 0.624143 1021.25 459.46 1080.90 506.48 1
2 0.624008 948.30 311.83 983.84 343.19 1
2 0.591541 403.05 420.04 457.67 469.98 0
0 0.579290 242.57 684.62 267.34 744.23 0
2 0.558836 1281.08 566.99 1296.50 602.05 1
0 0.550904 331.96 656.43 352.05 711.38 0
2 0.529446 822.68 387.15 866.89 427.06 0
0 0.526314 1022.40 479.26 1040.13 521.56 0
0 0.515284 495.36 442.43 510.91 482.56 0
2 0.509348 648.07 229.96 676.15 254.92 0
0 0.460138 993.77 453.90 1009.72 497.81 0
2 0.459984 1010.34 393.85 1057.10 446.18 0
0 0.445569 1168.61 400.18 1183.91 444.59 0
2 0.429747 462.44 361.54 503.41 402.93 0
1 0.413604 1397.58 793.28 1421.36 833.87 0
7 0.398711 1091.08 445.64 1148.75 537.84 1
2 0.396249 1085.62 445.34 1152.72 499.73 0
2 0.368632 1104.51 485.50 1157.36 541.21 0
0 0.366053 22.99 992.25 44.75 1025.13 0
0 0.352948 81.37 583.51 110.13 665.90 0
2 0.346480 507.97 309.90 549.38 347.73 0
2 0.339578 498.00 335.81 530.31 373.24 1
2 0.338990 1060.08 408.15 1109.60 452.95 0
2 0.337750 433.91 387.34 486.30 432.68 0
0 0.335738 1081.28 547.26 1098.71 576.51 1
0 0.325404 1304.01 571.90 1327.44 614.08 0
2 0.307620 1480.10 698.41 1538.04 743.67 1
0 0.305329 327.57 652.02 344.46 708.99 0
2 0.298477 1227.79 450.90 1274.29 515.85 0
2 0.294844 879.09 254.87 906.68 284.33 1
2 0.287384 1035.81 352.87 1078.32 387.77 0
7 0.287309 823.63 387.06 867.04 428.29 1
2 0.283147 713.23 142.45 730.75 158.56 1
2 0.263782 1054.63 369.00 1100.22 411.46 0
2 0.254019 686.57 184.53 709.62 206.29 0
